    - mean_absolute_error: 0.038130343766019724
    - RMSE: 0.19526992540076346
